val	PWM	Voltage	Real
1	123864	7.477686405	153
2	116184	7.517356396	153
3	122288	7.477686405	153
4	121112	7.517356396	153
5	120696	7.4975214	153
6	121012	7.4975214	153
7	124912	7.4975214	153
8	121908	7.457852364	153
9	123304	7.457852364	153
10	124504	7.477686405	153
11	124924	7.457852364	153
12	121984	7.457852364	153
13	121056	7.457852364	153
14	123684	7.477686405	153
15	125536	7.457852364	153
16	122404	7.477686405	153
17	122456	7.457852364	153
18	122688	7.457852364	153
19	121876	7.457852364	153
20	124340	7.438017368	153
21	122872	7.438017368	153
22	124620	7.418182373	153
23	121844	7.418182373	153
24	125288	7.438017368	153
25	125886	7.438017368	153
26	124676	7.457852364	153
27	125184	7.418182373	153
28	124204	7.457852364	153
29	121000	7.438017368	153
30	123208	7.418182373	153
31	122020	7.438017368	153
32	123728	7.438017368	153
33	120128	7.438017368	153
34	124084	7.418182373	153
35	122348	7.398348331	153
36	122204	7.418182373	153
37	124552	7.418182373	153
38	123292	7.398348331	153
39	124112	7.398348331	153
40	122488	7.418182373	153
41	128936	7.398348331	153
42	142868	7.259504318	187
43	140192	7.319009304	187
44	141448	7.299174786	187
45	140840	7.299174786	187
46	140332	7.279339314	187
47	140620	7.279339314	187
48	140688	7.279339314	187
49	140952	7.299174786	187
50	143248	7.259504318	187
51	140624	7.279339314	187
52	143920	7.259504318	187
53	142952	7.279339314	187
54	142636	7.259504318	187
55	143164	7.259504318	187
56	141932	7.259504318	187
57	142028	7.259504318	187
58	143396	7.239670277	187
59	157296	7.140496254	221
60	158420	7.140496254	221
61	158308	7.160331249	221
62	157600	7.140496254	221
63	158440	7.120661736	221
64	159720	7.140496254	221
65	157856	7.140496254	221
66	158224	7.140496254	221
67	159048	7.160331249	221
68	160140	7.120661736	221
69	158052	7.120661736	221
70	175488	7.021488667	255
71	174068	7.021488667	255
72	174336	7.041322708	255
73	178028	7.001653671	255
74	175100	7.001653671	255
75	175360	7.001653671	255
76	175148	7.021488667	255
77	177112	6.981818676	255
78	121244	7.418182373	153
79	119704	7.457852364	153
80	120328	7.438017368	153
81	126884	7.398348331	153
82	124660	7.418182373	153
83	125924	7.398348331	153
84	124020	7.398348331	153
85	123380	7.378513336	153
86	124748	7.398348331	153
87	125840	7.418182373	153
88	124844	7.418182373	153
89	125120	7.398348331	153
90	123304	7.398348331	153
91	127152	7.378513336	153
92	125012	7.378513336	153
93	125004	7.398348331	153
94	123000	7.378513336	153
95	123208	7.358678818	153
96	125220	7.378513336	153
97	127032	7.338843822	153
98	124644	7.358678818	153
99	120728	7.338843822	153
100	128988	7.378513336	153
101	123964	7.338843822	153
102	123168	7.378513336	153
103	124892	7.338843822	153
104	126052	7.338843822	153
105	123768	7.338843822	153
106	122476	7.378513336	153
107	121720	7.358678818	153
108	122460	7.358678818	153
109	126112	7.338843822	153
110	125128	7.338843822	153
111	124920	7.338843822	153
112	125736	7.319009304	153
113	126524	7.319009304	153
114	125132	7.319009304	153
115	125460	7.319009304	153
116	125148	7.319009304	153
117	125096	7.319009304	153
118	125724	7.319009304	153
119	124640	7.319009304	153
120	125692	7.319009304	153
121	124956	7.319009304	153
122	125136	7.319009304	153
123	125756	7.299174786	153
124	125576	7.319009304	153
125	126024	7.299174786	153
126	124660	7.319009304	153
127	127672	7.299174786	153
128	125696	7.299174786	153
129	124168	7.319009304	153
130	128640	7.279339314	153
131	127260	7.279339314	153
132	125336	7.279339314	153
133	126372	7.299174786	153
134	128596	7.279339314	153
135	126472	7.279339314	153
136	126584	7.279339314	153
137	127088	7.259504318	153
138	127736	7.279339314	153
139	125576	7.279339314	153
140	126464	7.299174786	153
141	128020	7.279339314	153
142	126912	7.299174786	153
143	128136	7.259504318	153
144	125652	7.279339314	153
145	128148	7.259504318	153
146	126928	7.259504318	153
147	127024	7.279339314	153
148	129832	7.239670277	153
149	128028	7.259504318	153
150	127860	7.259504318	153
151	128076	7.279339314	153
152	127016	7.259504318	153
153	129840	7.239670277	153
154	129032	7.259504318	153
155	130964	7.239670277	153
156	130332	7.239670277	153
157	129700	7.259504318	153
158	127856	7.259504318	153
159	127096	7.239670277	153
160	126160	7.279339314	153
161	126952	7.279339314	153
162	126132	7.259504318	153
163	127492	7.239670277	153
164	126680	7.259504318	153
165	127320	7.239670277	153
166	126432	7.259504318	153
167	127224	7.239670277	153
168	126776	7.259504318	153
169	127656	7.239670277	153
170	127700	7.239670277	153
171	126596	7.239670277	153
172	126352	7.259504318	153
173	127364	7.259504318	153
174	144900	7.120661736	187
175	144008	7.120661736	187
176	145920	7.120661736	187
177	144904	7.10082674	187
178	143908	7.140496254	187
179	145500	7.10082674	187
180	144036	7.140496254	187
181	144160	7.10082674	187
182	143232	7.120661736	187
183	144940	7.120661736	187
184	144340	7.10082674	187
185	145664	7.10082674	187
186	143908	7.120661736	187
187	145012	7.080992699	187
188	144588	7.120661736	187
189	144080	7.10082674	187
190	145584	7.10082674	187
191	145348	7.10082674	187
192	145372	7.10082674	187
193	144444	7.10082674	187
194	145156	7.10082674	187
195	145380	7.10082674	187
196	145572	7.080992699	187
197	145272	7.10082674	187
198	145176	7.10082674	187
199	145868	7.080992699	187
200	145316	7.080992699	187
201	145308	7.10082674	187
202	145148	7.10082674	187
203	146112	7.080992699	187
204	144680	7.10082674	187
205	145284	7.080992699	187
206	145268	7.080992699	187
207	145992	7.080992699	187
208	146196	7.080992699	187
209	144324	7.080992699	187
210	145968	7.10082674	187
211	144512	7.080992699	187
212	146856	7.061157703	187
213	145024	7.080992699	187
214	146872	7.080992699	187
215	145736	7.061157703	187
216	145912	7.080992699	187
217	145900	7.080992699	187
218	145760	7.080992699	187
219	146060	7.061157703	187
220	145792	7.080992699	187
221	147632	7.061157703	187
222	145056	7.080992699	187
223	146480	7.061157703	187
224	162036	6.961984158	221
225	162336	6.961984158	221
226	162316	6.961984158	221
227	161132	6.961984158	221
228	164120	6.942149639	221
229	161108	6.961984158	221
230	163448	6.961984158	221
231	163116	6.961984158	221
232	163480	6.961984158	221
233	162196	6.942149639	221
234	162044	6.961984158	221
235	163376	6.942149639	221
236	162092	6.961984158	221
237	163344	6.942149639	221
238	162712	6.961984158	221
239	165828	6.942149639	221
240	164372	6.922314644	221
241	164068	6.942149639	221
242	163540	6.961984158	221
243	163216	6.942149639	221
244	164856	6.922314644	221
245	163876	6.942149639	221
246	162564	6.942149639	221
247	162768	6.942149639	221
248	161356	6.942149639	221
249	165676	6.902480125	221
250	162852	6.942149639	221
251	163724	6.942149639	221
252	163708	6.942149639	221
253	162252	6.961984158	221
254	162652	6.922314644	221
255	162892	6.922314644	221
256	162320	6.942149639	221
257	161876	6.942149639	221
258	165012	6.922314644	221
259	161856	6.942149639	221
260	168100	6.88264513	221
261	165140	6.922314644	221
262	164020	6.922314644	221
263	160400	6.942149639	221
264	164132	6.902480125	221
265	161920	6.942149639	221
266	164644	6.902480125	221
267	160948	6.922314644	221
268	161676	6.942149639	221
269	164224	6.942149639	221
270	165720	6.902480125	221
271	165268	6.922314644	221
272	164188	6.922314644	221
273	162344	6.902480125	221
274	128108	7.061157703	153
275	128760	7.061157703	153
276	129836	7.061157703	153
277	127980	7.080992699	153
278	130164	7.080992699	153
279	127948	7.080992699	153
280	130464	7.061157703	153
281	128864	7.080992699	153
282	130864	7.061157703	153
283	130848	7.061157703	153
284	128456	7.061157703	153
285	131176	7.080992699	153
286	128812	7.061157703	153
287	129672	7.061157703	153
288	131672	7.041322708	153
289	128932	7.061157703	153
290	130340	7.061157703	153
291	129108	7.041322708	153
292	131564	7.041322708	153
293	129380	7.041322708	153
294	131356	7.061157703	153
295	129520	7.041322708	153
296	130208	7.041322708	153
297	131468	7.041322708	153
298	129800	7.061157703	153
299	131084	7.041322708	153
300	128720	7.041322708	153
301	131492	7.041322708	153
302	129352	7.041322708	153
303	130616	7.021488667	153
304	129724	7.041322708	153
305	130228	7.041322708	153
306	131024	7.021488667	153
307	129316	7.021488667	153
308	130188	7.021488667	153
309	131196	7.021488667	153
310	130164	7.041322708	153
311	130884	7.021488667	153
312	130668	7.021488667	153
313	130132	7.021488667	153
314	131400	7.021488667	153
315	129552	7.041322708	153
316	131096	7.001653671	153
317	129432	7.021488667	153
318	131568	7.021488667	153
319	129488	7.021488667	153
320	131420	7.001653671	153
321	130068	7.021488667	153
322	130832	7.021488667	153
323	131120	7.001653671	153
324	129480	7.041322708	153
325	131504	7.001653671	153
326	130040	7.021488667	153
327	130548	7.021488667	153
328	131388	7.001653671	153
329	130024	7.021488667	153
330	131632	7.021488667	153
331	129880	7.001653671	153
332	131796	7.001653671	153
333	130564	7.001653671	153
334	130908	7.021488667	153
335	131956	6.981818676	153
336	129712	7.021488667	153
337	132556	6.981818676	153
338	130576	7.001653671	153
339	131824	6.981818676	153
340	131004	7.001653671	153
341	131652	7.001653671	153
342	130768	7.001653671	153
343	132164	6.981818676	153
344	131884	7.001653671	153
345	149540	6.88264513	187
346	148140	6.902480125	187
347	149464	6.862811089	187
348	148264	6.88264513	187
349	149664	6.88264513	187
350	148488	6.88264513	187
351	149048	6.88264513	187
352	149476	6.862811089	187
353	148792	6.862811089	187
354	149412	6.88264513	187
355	148164	6.902480125	187
356	149336	6.862811089	187
357	149940	6.88264513	187
358	149776	6.862811089	187
359	149360	6.862811089	187
360	150768	6.862811089	187
361	148472	6.88264513	187
362	149148	6.862811089	187
363	149856	6.88264513	187
364	153996	6.823141098	187
365	146932	6.88264513	187
366	149828	6.862811089	187
367	150052	6.862811089	187
368	148764	6.862811089	187
369	150180	6.862811089	187
370	149936	6.862811089	187
371	150256	6.862811089	187
372	149964	6.862811089	187
373	148928	6.862811089	187
374	151396	6.842976093	187
375	149616	6.862811089	187
376	150052	6.842976093	187
377	149000	6.862811089	187
378	150152	6.862811089	187
379	149836	6.862811089	187
380	150172	6.842976093	187
381	151056	6.842976093	187
382	149216	6.862811089	187
383	151708	6.842976093	187
384	150368	6.862811089	187
385	150596	6.842976093	187
386	150628	6.842976093	187
387	150124	6.842976093	187
388	149840	6.842976093	187
389	149916	6.842976093	187
390	150112	6.823141098	187
391	150080	6.842976093	187
392	167912	6.723968029	221
393	167364	6.763637066	221
394	167136	6.743802547	221
395	167380	6.723968029	221
396	166708	6.743802547	221
397	167260	6.723968029	221
398	169112	6.743802547	221
399	166876	6.743802547	221
400	167572	6.723968029	221
401	168132	6.723968029	221
402	167984	6.723968029	221
403	167852	6.723968029	221
404	167780	6.723968029	221
405	166896	6.723968029	221
406	166892	6.704133034	221
407	166256	6.743802547	221
408	168556	6.723968029	221
409	166760	6.723968029	221
410	167388	6.704133034	221
411	169500	6.704133034	221
412	169328	6.723968029	221
413	167104	6.704133034	221
414	168096	6.723968029	221
415	166452	6.723968029	221
416	167112	6.704133034	221
417	167828	6.723968029	221
418	167344	6.704133034	221
419	168244	6.704133034	221
420	167436	6.704133034	221
421	167800	6.723968029	221
422	168452	6.704133034	221
423	168404	6.704133034	221
424	168432	6.704133034	221
425	168240	6.704133034	221
426	167792	6.704133034	221
427	167548	6.704133034	221
428	168580	6.684298515	221
429	166460	6.723968029	221
